37

1 0 0 1
1 1 0 2
1 1 1 3
2 1 1 26
2 1 0 49
3 1 0 65
3 1 1 67
2 2 1 83
3 2 1 89
4 2 1 134
4 1 1 146
4 3 1 165
3 3 1 180
4 3 2 195
5 1 1 198
3 2 0 203
5 3 1 203
5 3 2 211
3 2 2 229
5 2 1 233
4 1 0 292
5 2 0 298
6 3 1 306
6 2 1 308
5 2 2 317
5 1 0 325
5 4 1 341
7 2 1 341
3 3 2 355
6 4 1 373
7 5 2 373
6 1 1 402
5 4 2 405
5 3 0 425
5 3 3 459
7 3 1 499
11 5 2 499

500

0
2
5
6
7
10
11
0
12
14
17
18
19
19
21
0
22
26
27
28
28
30
31
0
31
34
37
38
0
39
41
0
42
42
45
46
47
50
51
0
52
54
55
55
55
58
59
0
60
60
65
66
67
67
69
0
70
70
73
74
0
75
75
0
78
82
83
84
84
86
87
0
87
90
91
92
92
92
95
0
95
98
101
102
103
103
105
0
106
106
109
110
0
111
111
0
114
114
117
118
119
122
123
0
124
126
127
127
127
130
131
0
0
132
135
135
135
138
139
0
140
142
145
146
0
147
149
0
150
150
153
154
155
155
155
0
158
158
161
162
163
163
165
0
165
170
171
172
172
174
175
0
175
178
179
180
0
180
183
0
183
186
187
188
188
190
190
0
190
190
197
198
199
199
201
0
202
202
205
206
207
207
207
0
210
210
213
214
0
215
217
0
217
217
219
222
223
226
227
0
228
230
231
231
231
234
235
0
236
236
239
239
239
242
243
0
244
246
246
246
0
247
251
0
252
252
257
258
259
259
261
0
262
262
265
266
267
267
267
0
0
270
273
274
275
275
277
0
277
278
279
282
0
283
283
0
286
290
291
292
292
294
295
0
295
298
299
300
300
300
303
0
303
306
307
308
308
310
310
0
310
310
315
316
0
316
319
0
319
322
325
326
327
327
329
0
330
330
333
334
335
335
335
0
338
338
341
342
343
343
345
0
345
345
345
350
0
351
351
0
354
354
357
357
359
362
363
0
364
366
367
367
367
370
371
0
372
372
375
375
375
378
379
0
380
382
382
382
0
383
387
0
388
388
391
391
391
394
394
0
396
398
401
402
403
403
405
0
0
406
409
410
411
411
411
0
414
414
417
418
0
419
421
0
421
421
423
426
427
427
427
0
430
430
433
433
435
435
437
0
438
442
443
444
444
446
447
0
447
450
451
452
0
452
455
0
455
458
459
460
460
462
462
0
462
462
467
468
468
468
471
0
471
474
474
476
476
478
479
0
479
482
485
486
0
487
489
0
0
490
493
494
495
495
495
0
498
498
501
502
503
503
505
0
505
506
507
510
511
511
511
0
514
514
517
517
0
519
521
0
522
522
525
526
526
530
531
0
532
534
535
535
535
538
539
0
0
540
543
543

0
3
6
9
10
11
14
0
15
19
20
21
22
23
26
0
27
27
30
33
34
35
36
0
37
39
42
43
0
43
46
0
47
51
52
53
54
55
55
0
57
59
62
63
63
63
66
0
67
67
70
73
74
75
76
0
77
79
79
81
0
82
86
0
87
87
90
91
91
91
94
0
95
99
100
101
102
103
103
0
105
107
108
108
110
111
114
0
115
115
118
119
0
119
122
0
123
123
126
129
130
131
132
0
133
135
135
137
138
138
140
0
0
141
146
147
147
147
150
0
151
151
154
155
0
155
158
0
159
163
164
165
166
167
167
0
169
171
172
172
174
175
175
0
175
179
182
183
183
183
186
0
187
187
190
191
0
191
194
0
195
195
198
201
202
203
204
0
205
207
207
209
210
210
212
0
213
213
213
217
218
219
222
0
223
223
226
227
0
227
230
0
231
231
234
235
235
235
238
0
238
243
244
245
246
247
247
0
249
251
252
252
254
255
255
0
255
259
260
261
0
262
266
0
267
267
270
271
271
271
274
0
275
275
278
279
279
279
282
0
0
282
286
289
290
291
292
0
293
295
295
297
0
298
300
0
301
301
302
305
306
307
308
0
308
311
314
315
315
315
318
0
319
319
322
323
323
323
326
0
327
327
330
330
0
330
334
0
335
339
340
341
342
343
343
0
345
347
348
348
350
351
351
0
351
355
356
357
358
358
358
0
361
363
366
367
0
367
370
0
371
371
374
375
375
375
378
0
379
379
382
382
382
383
386
0
387
387
390
393
394
395
396
0
397
399
399
401
0
402
404
0
405
405
406
409
410
411
412
0
412
415
415
417
418
418
422
0
0
423
426
427
427
427
430
0
431
431
434
435
0
435
438
0
438
438
442
443
443
443
446
0
447
451
452
453
454
455
455
0
457
459
460
460
462
463
463
0
463
467
468
469
0
470
470
0
473
475
476
476
478
478
482
0
483
483
486
487
487
487
490
0
491
491
494
495
495
495
498
0
498
499
502
503
0
503
506
0
0
507
510
513
514
515
516
0
517
519
519
521
522
522
524
0
525
525
526
529
530
531
532
0
532
535
535
537
0
538
540
0
540
540
546
547
547
547
550
0
551
551
554
555
555
555
558
0
0
559
562
562

0
4
7
10
13
13
15
0
18
20
23
23
25
28
28
0
30
30
35
35
37
37
39
0
42
44
44
46
0
49
51
0
51
52
55
58
58
60
60
0
62
62
67
67
69
69
71
0
71
76
76
78
78
78
79
0
82
84
87
87
0
89
91
0
91
91
95
98
98
100
100
0
102
102
103
106
109
109
111
0
111
111
115
115
117
117
117
0
122
124
124
126
0
126
127
0
130
132
135
135
137
137
139
0
139
140
143
143
145
148
148
0
0
150
151
154
154
156
156
0
156
156
163
163
0
165
167
0
167
167
171
171
173
173
175
0
178
180
180
182
182
182
183
0
186
188
188
190
193
193
195
0
195
196
199
199
0
201
201
0
202
202
207
210
210
212
212
0
214
214
214
218
218
220
220
0
222
222
227
227
229
229
231
0
231
231
235
235
0
237
239
0
239
244
244
246
246
246
247
0
250
252
252
252
252
252
255
0
258
258
263
263
265
265
267
0
267
268
271
271
0
273
275
0
275
276
279
282
282
284
284
0
286
286
287
290
290
292
292
0
0
294
295
298
301
301
303
0
303
303
307
307
0
309
309
0
310
310
315
315
315
316
319
0
322
324
324
326
326
326
327
0
330
332
332
334
334
334
334
0
338
340
343
343
0
345
347
0
347
347
351
351
353
353
355
0
355
356
359
359
361
364
364
0
366
366
367
370
370
372
372
0
372
372
375
378
0
378
378
0
382
382
387
387
389
389
391
0
391
391
395
395
397
397
399
0
399
399
403
403
405
405
407
0
410
412
412
414
0
414
415
0
418
420
420
422
422
422
422
0
426
428
428
430
433
433
435
0
0
435
439
439
441
441
441
0
442
444
447
447
0
447
451
0
451
452
452
458
458
460
460
0
462
462
462
466
466
468
468
0
470
470
471
474
474
476
476
0
478
478
483
483
0
485
487
0
487
487
491
491
493
493
495
0
495
495
499
499
501
501
503
0
503
508
508
510
510
510
511
0
514
516
516
516
0
517
517
0
0
522
523
526
526
526
527
0
527
532
535
535
537
537
539
0
539
540
543
543
545
545
547
0
547
547
551
551
0
553
555
0
555
555
559
562
562
564
564
0
566
566
567
570
570
572
572
0
0
574
575
578

0
7
12
15
18
19
22
0
25
27
30
31
34
35
36
0
39
39
44
45
46
47
50
0
51
55
55
57
0
58
62
0
63
63
68
69
70
71
71
0
75
75
78
79
82
83
84
0
85
87
90
91
91
91
94
0
97
99
100
100
0
102
106
0
107
107
110
111
114
115
116
0
117
119
119
123
123
123
126
0
127
127
132
133
134
135
135
0
137
139
142
143
0
143
146
0
147
151
151
153
154
154
156
0
156
159
162
163
163
163
166
0
0
167
172
173
174
175
175
0
177
179
180
183
0
183
186
0
187
187
190
190
194
195
196
0
197
199
199
201
202
203
206
0
207
207
210
211
211
211
214
0
217
219
220
220
0
222
222
0
225
225
230
231
231
231
234
0
235
235
238
239
242
243
244
0
245
247
247
249
250
251
252
0
255
255
258
259
0
259
262
0
262
263
268
269
270
271
271
0
273
275
276
277
278
278
282
0
283
283
286
287
287
287
290
0
291
295
295
297
0
298
300
0
300
303
303
303
306
307
310
0
311
311
314
315
315
315
318
0
0
319
324
325
326
327
327
0
329
331
332
333
0
334
334
0
339
339
342
343
343
343
346
0
346
347
348
351
354
355
356
0
357
359
359
361
362
363
364
0
364
367
370
371
0
371
374
0
375
375
378
379
379
379
382
0
385
387
388
388
390
390
390
0
393
393
396
397
397
399
402
0
403
403
406
407
0
407
410
0
411
411
414
415
418
419
420
0
421
423
423
425
426
427
428
0
428
431
431
435
435
435
438
0
439
439
442
442
0
442
444
0
447
447
452
453
454
455
455
0
457
459
460
461
462
462
462
0
0
465
470
471
471
471
474
0
475
475
478
479
0
479
482
0
483
487
487
489
490
490
492
0
492
495
495
495
498
499
499
0
501
501
506
507
507
507
510
0
511
511
514
515
0
515
518
0
519
519
524
525
526
527
527
0
529
531
532
533
534
534
534
0
537
537
540
543
543
543
546
0
547
547
550
550
0
550
550
0
0
555
558
559
562
563
564
0
565
567
567
569
570
571
572
0
572
575
575
575
578
578
582
0
583
583
586
587
0
587
590
0
591
591
594
595
595
595
598
0
601
603
604
604
606
606
606
0
0
609
612
613

0
6
11
14
15
18
21
0
22
26
27
30
31
31
35
0
36
38
41
42
43
46
47
0
47
50
53
54
0
55
59
0
60
62
63
66
67
67
69
0
70
74
75
76
76
78
81
0
82
82
85
86
87
90
91
0
92
94
95
98
0
99
101
0
102
102
107
108
108
110
111
0
111
114
117
118
119
119
121
0
122
126
127
127
127
130
131
0
132
132
137
138
0
139
141
0
142
142
147
148
148
150
151
0
151
154
155
158
159
159
161
0
0
162
165
166
167
170
171
0
172
174
175
175
0
175
181
0
182
182
185
186
187
187
187
0
190
194
195
196
196
198
199
0
199
199
203
206
207
207
209
0
210
210
213
214
0
215
219
0
220
222
223
223
223
226
227
0
228
230
233
234
235
235
237
0
238
238
239
242
243
246
247
0
247
250
251
252
0
252
255
0
255
255
261
262
263
263
265
0
266
266
267
270
271
271
275
0
276
278
279
279
279
282
283
0
284
286
287
290
0
291
293
0
294
294
297
298
299
299
301
0
302
306
307
308
308
310
311
0
0
311
315
316
316
318
321
0
322
322
325
326
0
327
327
0
330
330
331
332
335
338
339
0
340
342
343
343
343
343
347
0
348
350
351
354
355
355
357
0
358
358
361
362
0
363
365
0
366
366
371
372
372
374
375
0
375
378
379
380
380
382
383
0
383
383
389
390
391
391
393
0
394
394
395
398
0
399
401
0
402
406
407
407
407
410
411
0
412
412
415
415
415
415
417
0
420
422
425
426
427
427
429
0
430
430
431
434
0
435
437
0
438
438
443
444
444
446
447
0
447
450
451
452
452
454
455
0
0
455
459
462
463
463
465
0
466
466
469
470
0
471
473
0
474
474
475
478
479
482
483
0
484
486
487
487
487
487
491
0
492
494
495
495
495
498
501
0
502
502
505
506
0
507
507
0
510
510
511
511
515
515
517
0
517
522
523
524
524
526
527
0
527
527
531
532
532
534
535
0
535
538
539
542
0
543
545
0
0
546
549
550
551
551
553
0
554
554
555
558
559
559
563
0
564
566
567
567
567
570
571
0
572
574
575
575
0
575
579
0
580
582
585
586
587
587
589
0
590
590
591
594
595
595
597
0
0
598
601
602

0
11
18
21
22
27
30
0
31
35
38
41
42
42
46
0
47
51
54
55
55
59
60
0
60
63
66
69
0
70
74
0
75
75
78
81
82
83
86
0
87
91
92
92
92
95
98
0
99
99
102
105
106
107
110
0
111
111
114
117
0
118
118
0
121
123
126
127
127
131
132
0
132
135
138
139
139
139
142
0
142
147
148
149
150
151
154
0
155
155
158
161
0
162
162
0
165
165
170
171
171
171
174
0
175
179
180
181
182
183
186
0
0
187
190
190
190
195
196
0
196
199
199
201
0
202
206
0
207
207
210
213
214
214
214
0
217
219
222
223
223
223
226
0
226
227
230
233
234
235
236
0
237
239
242
243
0
243
246
0
247
251
252
252
252
255
255
0
255
255
262
263
263
263
266
0
267
267
270
273
274
275
276
0
277
279
282
283
0
283
286
0
286
286
290
293
294
294
294
0
297
299
300
300
302
303
306
0
307
307
310
310
310
315
316
0
316
319
319
321
0
322
326
0
327
327
330
330
330
331
334
0
335
339
340
341
342
343
343
0
0
345
350
351
351
351
354
0
355
355
358
361
0
362
362
0
365
365
366
367
370
371
374
0
375
375
378
379
379
379
382
0
383
387
388
389
390
391
391
0
393
393
398
399
0
399
402
0
402
403
406
407
407
411
412
0
412
415
415
417
418
418
420
0
421
421
426
427
427
427
430
0
430
430
430
437
0
438
438
0
441
443
444
444
446
447
450
0
451
451
454
454
454
455
458
0
459
459
462
465
466
467
468
0
469
471
471
471
0
474
478
0
479
479
482
483
483
483
486
0
487
491
492
492
492
495
495
0
0
495
500
501
502
502
506
0
507
507
510
511
0
511
514
0
515
515
516
521
522
523
524
0
525
527
527
527
530
530
534
0
535
535
538
538
538
539
542
0
543
543
546
549
0
550
550
0
553
555
556
556
558
559
559
0
559
563
566
567
567
567
570
0
570
571
572
575
575
579
580
0
580
583
583
585
0
586
588
0
0
589
594
595
595
595
598
0
598
598
602
603
603
603
606
0
607
611
612
613
614
615
615
0
617
617
620
620
0
622
626
0
627
627
630
631
631
631
634
0
635
635
636
641
642
642
642
0
0
645
646
646

0
12
19
22
25
28
31
0
34
36
39
42
45
45
47
0
50
52
55
58
58
60
63
0
63
68
68
70
0
73
75
0
78
78
83
83
85
85
87
0
90
92
95
95
97
100
100
0
102
102
107
107
109
109
111
0
114
116
119
119
0
121
123
0
126
126
127
130
133
133
135
0
135
140
140
142
142
142
147
0
147
148
151
154
154
156
156
0
158
158
163
163
0
165
167
0
170
172
172
174
177
177
179
0
179
180
183
186
186
188
188
0
0
190
195
195
197
197
199
0
202
204
204
206
0
206
211
0
211
211
215
215
217
220
220
0
222
222
223
226
229
229
231
0
231
231
235
238
238
238
239
0
242
244
247
247
0
249
251
0
251
252
255
258
258
260
260
0
262
262
267
267
269
269
271
0
271
276
276
278
278
278
279
0
282
284
287
287
0
289
291
0
291
291
295
298
298
300
300
0
302
302
307
307
309
309
311
0
311
311
315
318
318
318
319
0
322
324
324
326
0
329
331
0
331
332
335
335
337
340
340
0
342
342
343
346
346
348
351
0
0
351
355
355
357
357
359
0
362
364
364
366
0
366
366
0
370
370
375
375
377
377
379
0
379
380
383
386
386
388
388
0
390
390
391
394
397
397
399
0
399
399
403
403
0
405
407
0
410
412
412
414
414
414
415
0
418
420
423
423
425
425
427
0
427
427
431
434
434
436
436
0
438
438
439
442
0
442
447
0
447
447
451
451
453
453
455
0
455
460
460
462
462
462
462
0
466
468
468
470
473
473
475
0
475
476
479
479
0
481
483
0
486
486
487
490
490
492
492
0
494
494
499
499
501
501
503
0
0
503
507
507
507
508
511
0
514
516
516
518
0
518
519
0
522
524
527
527
529
529
531
0
531
532
535
535
537
540
540
0
542
542
543
546
546
548
548
0
550
550
555
555
0
557
559
0
559
559
563
563
565
565
567
0
570
572
572
574
574
574
575
0
578
580
583
583
585
585
587
0
587
588
591
591
0
591
595
0
0
598
599
602
602
604
604
0
606
606
606
610
613
613
615
0
615
615
619
619
621
621
623
0
623
628
628
630
0
630
631
0
634
636
636
638
638
638
643
0
643
644
647
647
649
649
651
0
0
651
655
658

0
10
15
20
23
23
27
0
30
34
37
37
39
42
43
0
46
46
51
52
55
55
57
0
60
62
63
66
0
67
71
0
71
74
77
78
79
82
82
0
84
84
89
90
91
91
95
0
95
98
99
102
103
103
105
0
108
110
111
111
0
115
117
0
118
118
123
124
124
126
127
0
130
130
133
134
135
138
139
0
140
140
145
145
147
147
147
0
150
154
155
156
0
156
159
0
162
162
165
166
167
167
171
0
172
174
175
175
179
179
181
0
0
182
183
188
188
190
191
0
191
191
195
198
0
199
201
0
202
202
207
207
207
210
211
0
212
214
217
218
219
219
219
0
222
226
226
228
228
228
231
0
231
234
237
238
0
239
239
0
242
242
247
247
247
250
251
0
252
254
254
258
259
259
261
0
262
262
265
268
268
270
271
0
271
271
275
276
0
279
281
0
282
282
283
286
287
287
291
0
292
294
295
295
295
298
298
0
302
302
305
306
307
307
309
0
309
314
315
316
0
316
319
0
319
322
325
325
327
327
327
0
330
330
333
334
334
338
339
0
0
340
343
343
343
346
347
0
350
350
353
354
0
355
357
0
357
357
363
364
364
366
367
0
367
370
370
372
375
375
377
0
378
378
379
382
383
383
383
0
388
390
391
391
0
391
395
0
396
396
399
402
403
403
405
0
406
406
409
409
411
411
415
0
415
418
419
420
420
422
422
0
422
426
429
430
0
431
431
0
434
434
437
438
439
442
442
0
444
444
447
447
447
450
451
0
451
451
457
458
459
459
459
0
462
462
465
466
0
467
471
0
471
474
475
476
476
478
478
0
478
482
483
486
487
487
489
0
0
490
493
493
495
495
495
0
500
502
503
503
0
503
507
0
508
508
511
511
515
515
517
0
518
518
519
522
523
523
523
0
526
526
531
532
532
534
535
0
535
538
538
540
0
540
543
0
546
546
549
550
551
551
553
0
553
553
557
558
559
562
563
0
564
564
567
567
567
570
571
0
572
574
577
577
0
579
579
0
0
582
585
586
586
586
587
0
588
594
595
596
596
596
599
0
599
602
603
604
604
606
607
0
610
610
613
614
0
615
617
0
617
617
621
622
623
623
627
0
628
630
631
631
631
634
634
0
0
636
639
639

0
15
22
27
30
31
36
0
39
43
46
47
50
51
54
0
57
57
62
63
66
67
70
0
71
75
76
79
0
79
84
0
85
87
90
91
94
95
95
0
99
99
102
105
106
107
110
0
111
111
116
117
118
119
122
0
123
127
127
127
0
130
134
0
135
135
140
141
142
143
146
0
147
147
150
153
154
155
156
0
159
159
162
163
166
167
167
0
169
171
174
175
0
175
180
0
181
183
183
187
187
187
190
0
191
195
196
197
198
198
202
0
0
203
206
207
210
211
212
0
213
215
218
219
0
219
222
0
225
225
228
228
230
231
234
0
235
235
238
239
242
243
244
0
245
247
250
251
251
251
254
0
255
259
260
261
0
262
262
0
267
267
270
271
271
271
276
0
277
279
279
281
282
283
286
0
287
287
287
291
294
295
295
0
297
299
300
303
0
303
306
0
307
307
310
313
314
315
316
0
316
319
322
323
323
323
326
0
327
327
332
333
334
335
335
0
337
339
342
343
0
343
346
0
347
351
351
351
354
354
356
0
357
357
362
363
363
363
366
0
0
367
372
373
374
375
375
0
377
379
382
383
0
383
386
0
387
387
390
393
394
395
396
0
396
399
399
403
403
403
406
0
407
407
410
411
414
415
415
0
417
419
420
421
0
422
426
0
427
427
428
431
431
431
436
0
437
439
439
441
442
443
444
0
447
447
450
451
451
451
454
0
455
459
460
461
0
462
462
0
465
465
470
471
471
471
474
0
475
475
478
479
482
483
484
0
485
487
487
489
490
490
494
0
495
495
498
499
0
499
502
0
505
505
508
508
510
511
511
0
511
515
518
519
519
519
522
0
0
523
526
527
530
531
532
0
533
535
535
537
0
538
542
0
543
543
546
547
547
547
550
0
551
555
556
557
558
558
558
0
561
561
564
567
567
567
570
0
571
571
574
575
0
575
580
0
581
583
583
585
586
587
588
0
588
591
594
595
595
595
596
0
599
599
602
603
606
607
607
0
609
611
612
613
0
614
614
0
0
619
622
623
623
623
626
0
627
627
630
633
634
635
636
0
636
639
639
639
642
643
646
0
647
647
650
651
0
651
654
0
655
655
660
661
662
663
663
0
665
667
668
668
670
670
674
0
0
675
678
679

0
22
31
36
39
42
47
0
50
54
57
60
63
63
67
0
70
70
75
78
79
82
85
0
85
90
91
94
0
95
99
0
102
102
107
108
111
111
111
0
116
118
121
122
123
126
127
0
130
130
135
135
135
138
141
0
142
146
147
148
0
151
153
0
156
156
159
162
163
163
167
0
167
170
171
174
175
175
179
0
180
182
185
186
187
190
190
0
190
190
197
198
0
199
203
0
204
206
207
210
211
211
215
0
215
218
219
222
223
223
225
0
0
228
231
231
235
235
237
0
238
242
243
244
0
244
249
0
250
250
255
255
255
258
259
0
262
262
265
266
267
270
271
0
271
271
277
278
279
279
279
0
284
286
287
287
0
291
291
0
294
294
299
300
300
302
303
0
306
306
309
310
311
311
315
0
316
318
318
322
323
323
325
0
326
330
331
332
0
332
337
0
337
337
339
342
343
346
347
0
348
348
351
354
355
355
357
0
358
358
363
364
364
366
366
0
370
370
373
374
0
375
379
0
380
382
383
383
387
387
387
0
390
390
393
396
396
398
399
0
0
399
405
406
407
407
407
0
410
414
415
415
0
415
417
0
422
422
425
426
427
427
431
0
431
434
435
436
436
438
441
0
442
442
443
444
447
450
451
0
452
452
455
455
0
459
461
0
462
462
463
468
468
468
471
0
471
474
475
478
479
479
481
0
482
482
487
487
487
490
491
0
492
494
495
498
0
499
501
0
501
502
507
508
508
510
511
0
511
514
517
518
519
519
519
0
522
526
526
526
527
527
531
0
532
532
537
538
0
539
539
0
542
542
547
548
548
550
551
0
551
554
555
558
559
559
561
0
0
561
567
567
567
570
571
0
572
574
575
578
0
579
581
0
582
582
585
588
588
588
591
0
591
594
595
595
599
599
601
0
602
602
603
606
606
610
611
0
612
612
615
615
0
615
621
0
622
622
623
623
627
627
631
0
631
634
635
636
636
638
639
0
642
642
645
646
647
647
649
0
650
654
655
655
0
655
657
0
0
660
665
666
667
667
667
0
670
670
670
676
676
678
679
0
679
679
683
683
687
687
687
0
690
690
693
694
0
694
699
0
700
702
703
703
703
706
707
0
710
710
713
714
715
715
717
0
0
718
723
724

0
19
28
31
34
39
42
0
45
47
52
55
58
58
60
0
63
67
70
73
73
75
78
0
78
83
84
87
0
90
92
0
95
95
100
100
102
103
106
0
109
111
114
114
114
119
119
0
121
121
126
127
130
130
132
0
135
135
140
140
0
142
142
0
147
147
150
153
154
155
158
0
158
163
163
165
165
165
170
0
170
171
174
177
178
179
180
0
183
183
188
188
0
190
190
0
195
195
196
199
202
202
204
0
205
207
210
211
211
215
215
0
0
217
222
222
222
223
226
0
229
231
231
231
0
234
238
0
239
239
244
244
246
247
247
0
251
251
252
255
258
258
260
0
260
260
262
267
267
267
270
0
271
275
276
277
0
278
282
0
282
283
286
289
289
291
291
0
291
291
298
298
298
298
302
0
303
307
308
309
310
310
310
0
315
315
318
319
0
322
324
0
324
324
324
331
331
331
331
0
335
335
340
340
342
343
343
0
345
345
350
351
351
351
354
0
357
359
359
359
0
362
366
0
366
366
370
370
370
375
375
0
377
377
380
380
382
383
386
0
0
387
390
391
394
394
396
0
397
399
399
403
0
403
403
0
407
407
412
412
414
414
414
0
415
419
420
423
423
423
426
0
427
427
430
433
434
435
436
0
436
436
442
442
0
442
446
0
447
451
451
453
453
453
454
0
455
459
462
462
462
462
466
0
467
467
468
473
474
475
476
0
476
476
476
483
0
483
486
0
487
487
492
492
494
494
494
0
495
499
500
503
503
503
503
0
507
507
510
510
514
514
516
0
517
519
519
519
0
522
526
0
527
527
530
531
531
535
535
0
537
537
540
540
542
543
546
0
0
546
550
550
550
550
550
0
557
559
559
559
0
562
564
0
565
565
570
571
571
571
574
0
575
575
580
580
582
583
583
0
585
585
588
591
591
591
591
0
595
595
598
598
0
602
604
0
604
604
606
609
610
611
611
0
615
615
618
619
619
619
622
0
622
627
628
629
630
630
630
0
630
635
638
638
0
638
642
0
0
643
644
649
649
651
651
0
651
651
652
657
658
658
662
0
662
662
666
667
667
667
667
0
671
675
676
677
0
678
678
0
679
683
684
687
687
687
690
0
691
691
694
694
698
698
700
0
0
700
702
705

0
27
36
43
46
47
54
0
57
63
66
67
70
71
76
0
79
79
84
87
90
91
94
0
95
99
102
105
0
105
110
0
111
115
118
119
122
123
123
0
127
127
132
135
135
135
140
0
141
141
146
147
150
151
154
0
155
159
159
159
0
162
166
0
169
169
174
175
175
175
180
0
181
183
186
187
190
191
191
0
195
195
198
198
202
203
204
0
207
207
212
213
0
213
218
0
219
219
220
225
226
227
230
0
231
235
235
235
238
238
242
0
0
243
246
249
250
251
254
0
255
255
260
261
0
261
262
0
267
267
270
271
274
275
276
0
279
279
282
282
286
287
287
0
287
291
294
295
295
295
300
0
301
303
306
307
0
307
308
0
313
313
316
316
318
319
322
0
323
327
327
327
330
330
334
0
335
335
335
339
342
343
343
0
345
347
350
351
0
351
356
0
357
357
358
363
363
363
366
0
366
367
372
373
374
375
375
0
379
379
382
383
386
387
387
0
387
391
394
395
0
395
396
0
399
403
404
405
406
406
410
0
411
411
414
417
417
417
420
0
0
420
426
427
427
427
430
0
431
435
436
437
0
438
442
0
443
443
444
447
450
451
451
0
451
455
455
459
459
459
462
0
463
463
468
469
470
471
471
0
475
475
478
478
0
478
484
0
485
485
486
489
490
491
494
0
495
495
498
499
502
503
503
0
505
507
510
511
511
511
511
0
515
519
519
519
0
522
524
0
525
525
530
531
531
531
532
0
537
537
540
540
542
543
546
0
547
547
547
551
551
551
556
0
557
559
559
561
0
562
566
0
567
567
570
571
574
575
575
0
575
579
580
583
583
583
586
0
0
586
590
591
594
595
596
0
597
599
599
603
0
603
606
0
607
607
612
613
613
613
614
0
617
619
622
623
623
623
623
0
627
627
630
633
634
635
636
0
636
639
642
643
0
643
646
0
647
651
651
651
654
654
654
0
655
655
662
663
663
663
666
0
667
667
670
673
674
675
676
0
676
679
682
683
0
683
683
0
0
687
692
693
693
693
694
0
697
699
700
703
703
703
706
0
707
707
708
711
714
715
716
0
717
719
719
723
0
723
726
0
726
726
730
731
734
735
735
0
735
739
740
741
742
742
746
0
0
747
750
751

0
20
27
34
37
37
43
0
46
52
55
55
57
60
63
0
66
66
71
74
77
77
79
0
82
84
87
90
0
90
95
0
95
100
103
103
105
108
108
0
110
110
115
118
118
118
123
0
123
124
127
130
133
133
135
0
138
140
140
140
0
145
147
0
150
150
155
155
155
156
159
0
162
164
167
167
169
172
172
0
174
174
179
179
181
181
183
0
186
188
191
191
0
191
195
0
198
198
199
202
205
205
207
0
210
212
212
212
217
217
219
0
0
219
223
226
226
228
231
0
231
231
235
238
0
238
239
0
242
244
247
247
249
252
252
0
254
254
259
259
261
261
261
0
262
268
268
270
270
270
275
0
275
276
279
282
0
282
282
0
286
286
291
291
293
293
295
0
298
300
300
302
305
305
307
0
307
307
307
314
314
316
316
0
318
318
323
323
0
325
327
0
330
330
330
334
334
334
339
0
339
340
343
343
345
348
348
0
350
350
355
355
357
357
357
0
357
364
364
366
0
366
367
0
370
372
375
375
377
377
379
0
382
382
383
386
386
388
391
0
0
391
395
395
397
397
399
0
402
404
404
406
0
409
411
0
411
411
415
418
418
420
420
0
420
420
423
426
429
429
431
0
431
431
435
438
438
438
438
0
442
444
447
447
0
447
451
0
451
452
455
458
458
460
460
0
462
462
467
467
469
469
471
0
471
476
476
478
478
478
478
0
478
484
487
487
0
489
491
0
491
491
495
498
498
500
500
0
502
502
507
507
507
508
511
0
511
511
515
518
518
518
519
0
522
524
524
524
0
529
531
0
531
532
535
538
538
540
540
0
540
540
543
546
549
549
551
0
0
551
555
555
557
557
559
0
562
564
564
566
0
566
571
0
571
571
575
575
577
577
579
0
582
582
583
586
586
588
588
0
590
590
595
595
597
597
599
0
599
604
604
606
0
606
607
0
610
612
615
615
617
617
617
0
618
618
623
623
623
628
628
0
630
630
631
634
634
636
639
0
639
639
643
643
0
645
645
0
0
650
651
654
654
654
655
0
658
660
663
663
665
665
667
0
667
668
668
674
674
676
676
0
678
678
679
682
0
685
687
0
687
687
687
690
693
693
695
0
698
700
700
702
702
702
703
0
0
706
711
711

0
30
39
46
51
51
57
0
62
66
71
71
75
78
79
0
84
84
91
91
95
95
99
0
102
106
106
110
0
111
117
0
117
118
123
126
127
130
130
0
134
134
139
140
143
143
147
0
147
150
153
156
156
156
159
0
162
166
167
167
0
171
175
0
175
175
181
182
183
186
187
0
190
190
191
196
196
198
201
0
202
202
207
207
211
211
211
0
214
218
219
222
0
222
225
0
228
230
231
234
235
235
239
0
239
242
245
245
247
247
251
0
0
252
255
258
259
262
262
0
262
262
267
270
0
271
275
0
276
276
281
281
283
283
287
0
287
290
291
294
295
295
297
0
300
302
303
306
306
306
309
0
310
314
315
316
0
319
319
0
322
322
327
327
327
330
333
0
334
334
334
340
340
342
343
0
346
346
347
350
351
354
355
0
356
356
361
362
0
363
367
0
367
367
371
372
375
375
377
0
378
382
383
383
383
383
387
0
390
390
393
396
396
396
399
0
399
402
405
406
0
407
411
0
411
414
415
415
419
419
421
0
422
422
427
428
428
430
431
0
0
434
437
438
439
442
442
0
444
444
447
450
0
451
451
0
454
454
459
460
460
462
465
0
465
466
466
470
471
471
475
0
476
478
478
482
483
483
483
0
486
490
490
492
0
492
495
0
498
498
501
502
503
503
507
0
508
510
511
511
515
515
517
0
518
518
523
523
523
526
527
0
527
530
533
534
0
535
535
0
540
540
543
543
543
546
547
0
550
550
553
553
555
558
559
0
559
559
563
564
567
567
569
0
570
570
575
575
0
575
579
0
580
582
585
586
587
587
587
0
590
594
595
596
596
596
599
0
0
602
603
606
607
607
609
0
612
614
615
615
0
615
621
0
622
622
623
626
627
627
631
0
631
634
634
636
639
639
639
0
642
642
645
646
646
650
651
0
652
652
652
658
0
658
661
0
662
662
665
668
668
670
671
0
671
671
675
678
679
679
681
0
682
682
687
687
687
690
691
0
692
694
697
697
0
699
699
0
0
702
707
708
708
708
711
0
711
714
715
718
719
719
721
0
721
726
726
726
727
727
731
0
732
732
735
738
0
739
741
0
741
741
747
748
748
748
751
0
751
754
757
757
759
759
759
0
0
762
767
767

0
28
39
42
45
52
55
0
58
60
67
70
73
73
75
0
78
84
87
90
90
92
95
0
95
100
103
106
0
109
111
0
114
114
119
119
121
124
127
0
130
132
135
135
135
140
140
0
142
142
147
150
153
153
155
0
158
158
163
163
0
165
165
0
170
172
175
178
178
180
183
0
183
188
188
190
190
190
195
0
195
196
199
202
205
205
207
0
210
210
215
215
0
217
217
0
222
222
223
226
229
229
231
0
234
236
239
239
239
244
244
0
0
246
251
251
251
252
255
0
258
260
260
262
0
265
267
0
270
270
275
275
277
277
277
0
282
282
283
286
289
289
291
0
291
292
295
298
298
300
303
0
303
308
308
310
0
310
315
0
315
316
319
322
322
324
324
0
324
324
331
331
333
333
335
0
338
340
343
343
345
345
345
0
350
350
351
354
0
357
359
0
359
359
359
366
366
366
367
0
370
372
375
375
377
380
380
0
382
382
387
387
387
388
391
0
394
396
396
396
0
397
403
0
403
403
407
407
409
412
412
0
414
414
419
419
421
421
423
0
0
426
427
430
433
433
435
0
435
436
436
442
0
442
442
0
446
446
451
451
453
453
455
0
455
460
460
462
462
462
467
0
467
468
471
474
474
476
476
0
476
476
483
483
0
483
487
0
487
492
492
494
494
494
495
0
498
500
503
503
505
505
507
0
510
510
511
514
517
517
519
0
519
519
519
526
0
526
527
0
530
530
535
535
537
537
537
0
538
540
543
546
546
548
548
0
550
550
555
555
557
557
559
0
562
564
564
564
0
565
571
0
571
571
575
575
575
580
580
0
582
582
583
583
585
588
591
0
0
591
595
595
597
597
597
0
602
604
604
606
0
609
611
0
611
611
615
618
618
618
619
0
622
622
627
627
629
629
629
0
630
630
635
638
638
638
639
0
642
644
644
646
0
649
651
0
651
652
655
658
658
660
660
0
662
662
667
667
667
667
671
0
671
676
676
678
678
678
679
0
679
684
687
687
0
687
691
0
0
691
695
698
698
700
700
0
702
702
703
706
709
709
711
0
711
711
715
718
718
718
718
0
722
724
727
727
0
729
729
0
730
732
735
738
738
738
739
0
742
742
743
743
749
749
751
0
0
751
755
755

0
14
21
26
27
30
35
0
36
42
43
46
47
47
53
0
54
54
59
62
63
66
67
0
67
70
75
76
0
76
81
0
82
86
87
90
91
91
91
0
94
98
101
102
102
102
107
0
108
108
111
114
115
118
119
0
119
122
122
126
0
127
131
0
132
132
137
138
138
138
141
0
141
146
147
150
151
151
151
0
154
158
159
159
159
162
165
0
166
166
171
172
0
172
175
0
175
175
181
182
183
186
187
0
187
190
190
194
195
195
195
0
0
198
203
204
204
206
209
0
210
210
213
213
0
213
219
0
220
222
223
226
227
227
227
0
230
234
235
235
235
238
238
0
238
238
245
246
247
247
251
0
252
252
255
255
0
255
261
0
262
262
265
266
267
270
271
0
271
274
275
278
279
279
279
0
282
282
282
284
287
290
291
0
292
294
297
298
0
298
301
0
301
301
307
308
308
308
311
0
311
314
315
318
319
319
321
0
322
326
327
327
327
330
330
0
330
330
335
338
0
339
341
0
342
342
347
348
348
348
351
0
351
354
357
358
358
358
361
0
0
361
363
366
367
370
371
0
372
374
375
378
0
379
379
0
382
382
382
382
387
390
391
0
391
394
395
396
396
396
401
0
402
402
405
406
407
407
411
0
412
412
415
415
0
415
417
0
420
422
425
426
427
427
429
0
430
434
435
435
435
438
438
0
438
438
443
446
447
447
447
0
450
450
453
454
0
455
459
0
460
462
463
463
463
466
469
0
470
470
473
473
473
473
475
0
478
478
483
484
484
486
487
0
487
490
490
494
0
495
495
0
498
498
501
502
503
506
507
0
507
510
510
510
510
510
515
0
0
516
521
522
523
523
525
0
526
526
531
532
0
532
535
0
535
535
537
540
540
542
545
0
546
546
549
550
551
551
551
0
554
558
559
559
559
562
563
0
564
564
567
570
0
571
571
0
574
574
574
574
579
579
581
0
582
586
587
588
588
590
591
0
591
591
597
598
598
598
601
0
601
602
603
606
0
607
611
0
0
612
615
615
615
618
619
0
620
622
622
626
627
627
629
0
630
630
633
633
635
638
639
0
639
642
642
642
0
642
647
0
647
647
651
654
655
655
657
0
658
658
661
661
663
663
667
0
0
668
671
671

0
36
47
54
57
60
67
0
70
76
79
82
85
85
91
0
94
94
99
102
105
108
111
0
111
116
119
122
0
122
127
0
130
132
135
138
141
141
141
0
146
148
151
154
154
156
159
0
162
162
167
167
169
172
175
0
175
180
180
182
0
185
187
0
190
190
195
198
198
198
203
0
203
204
207
210
213
213
215
0
218
220
223
223
225
228
228
0
230
230
235
238
0
238
243
0
243
244
247
250
250
252
255
0
255
260
260
262
265
265
267
0
0
270
271
274
277
277
279
0
282
284
287
287
0
287
291
0
294
294
299
299
301
301
303
0
306
308
311
311
313
316
316
0
316
316
323
323
325
325
327
0
330
332
335
335
0
337
339
0
342
342
347
347
347
348
351
0
354
356
356
358
361
361
363
0
366
366
366
370
373
373
375
0
375
380
380
382
0
382
387
0
387
387
391
394
394
396
399
0
399
399
403
406
406
406
407
0
410
412
415
415
417
420
420
0
422
422
427
427
0
429
431
0
434
436
436
438
441
441
443
0
443
444
447
450
450
452
455
0
0
455
459
462
462
462
463
0
466
468
471
471
0
473
475
0
478
478
479
482
485
485
487
0
487
492
492
494
494
494
499
0
499
499
503
503
505
508
508
0
510
510
515
515
0
517
519
0
522
522
523
526
526
526
531
0
531
532
535
538
538
540
540
0
542
542
547
547
549
549
551
0
554
556
556
558
0
561
561
0
562
564
567
570
570
572
572
0
574
574
579
579
581
581
583
0
586
588
588
590
590
590
595
0
595
596
599
602
0
602
603
0
606
606
611
611
613
613
615
0
615
620
620
622
622
622
627
0
0
627
631
631
633
636
636
0
638
638
639
642
0
645
647
0
647
647
651
654
654
654
655
0
658
660
663
663
665
665
667
0
670
670
671
674
674
676
679
0
679
679
683
683
0
685
687
0
690
692
692
692
697
697
699
0
699
700
703
706
706
708
708
0
710
710
715
715
717
717
719
0
719
724
724
726
0
726
727
0
0
730
735
735
737
737
737
0
742
742
742
746
746
748
751
0
751
751
755
755
757
757
759
0
762
764
764
766
0
766
771
0
771
772
775
775
777
780
780
0
782
782
783
786
789
789
791
0
0
791
795
798

0
39
50
57
62
63
70
0
75
79
84
85
90
91
94
0
99
99
106
107
110
111
116
0
117
123
123
127
0
127
134
0
135
135
142
143
146
147
147
0
153
153
156
159
162
163
166
0
167
167
174
175
175
175
180
0
183
187
187
187
0
190
196
0
197
197
202
203
206
207
210
0
211
211
212
219
219
219
222
0
225
225
230
231
234
235
235
0
235
239
244
245
0
245
250
0
251
255
255
259
259
259
262
0
262
267
270
271
271
271
276
0
0
277
282
283
286
287
287
0
287
291
294
297
0
297
300
0
303
303
306
306
310
311
314
0
315
315
316
319
322
323
326
0
327
327
332
333
333
333
334
0
339
343
343
343
0
346
346
0
351
351
356
357
357
357
362
0
363
363
364
367
370
371
374
0
375
375
375
379
382
383
383
0
387
387
390
393
0
393
396
0
396
396
402
403
406
407
407
0
407
411
414
415
415
415
420
0
421
421
426
427
427
427
428
0
431
435
436
439
0
439
442
0
442
447
447
447
450
450
454
0
455
455
460
461
461
461
462
0
0
465
470
471
474
475
475
0
475
479
482
483
0
483
484
0
489
489
492
495
495
495
498
0
498
499
499
505
506
507
510
0
511
511
511
515
518
519
519
0
519
523
526
527
0
527
532
0
533
533
534
537
537
537
542
0
543
547
547
547
550
550
550
0
555
555
558
558
558
559
564
0
565
567
570
571
0
571
572
0
575
575
580
581
582
583
586
0
587
587
588
591
594
595
595
0
595
599
599
603
603
603
606
0
609
609
612
612
0
612
614
0
619
619
622
623
626
627
627
0
627
631
634
635
635
635
636
0
0
639
644
645
646
647
650
0
651
651
652
655
0
655
660
0
661
663
663
667
667
667
670
0
670
675
675
675
678
678
678
0
679
679
686
687
687
687
692
0
693
693
694
697
0
697
702
0
703
703
706
707
710
711
711
0
711
715
718
719
719
719
719
0
723
723
726
729
730
731
732
0
735
735
738
738
0
738
738
0
0
745
748
748
750
751
754
0
755
755
755
759
762
763
763
0
763
767
767
767
770
770
774
0
775
775
780
781
0
781
782
0
785
785
790
791
791
791
791
0
795
799
799
799
802
802
804
0
0
807
810
810

0
18
25
30
35
35
39
0
44
46
51
51
55
58
58
0
62
62
69
69
71
71
75
0
78
82
82
84
0
87
91
0
91
91
97
100
100
102
102
0
106
106
111
111
115
115
117
0
117
122
123
126
126
126
127
0
132
134
137
137
0
139
143
0
143
143
147
150
151
154
154
0
156
156
156
162
163
163
167
0
167
167
173
173
175
175
175
0
180
182
183
186
0
186
187
0
190
194
195
196
199
199
201
0
201
202
207
207
207
210
211
0
0
214
217
220
220
222
222
0
222
222
229
230
0
231
235
0
235
235
239
239
243
243
245
0
246
250
250
252
252
252
255
0
258
258
259
262
263
263
267
0
268
270
273
273
0
275
275
0
276
276
283
284
284
286
287
0
290
290
290
294
295
298
298
0
300
300
303
303
307
307
309
0
310
310
315
315
0
315
319
0
319
322
325
326
327
327
327
0
332
334
334
334
334
334
339
0
342
342
345
346
347
347
351
0
351
354
355
356
0
359
361
0
361
362
363
366
367
370
371
0
372
372
375
378
378
378
378
0
0
382
385
388
388
390
391
0
391
391
397
397
0
399
399
0
402
402
407
407
407
407
411
0
412
414
414
418
419
419
421
0
422
426
426
428
428
428
428
0
430
434
435
438
0
439
441
0
442
442
447
447
447
447
451
0
452
454
457
457
459
459
459
0
462
462
465
468
468
470
471
0
471
471
475
478
0
478
478
0
482
482
485
485
487
490
491
0
492
492
495
495
499
499
501
0
501
501
503
506
507
507
511
0
511
514
515
516
0
516
517
0
522
522
525
526
527
527
527
0
532
534
534
534
535
535
539
0
0
540
545
546
547
547
547
0
550
550
555
555
0
555
559
0
559
562
562
564
567
567
569
0
570
570
570
574
575
578
578
0
580
580
583
583
583
586
587
0
590
590
591
594
0
595
597
0
597
597
603
604
604
606
607
0
607
607
613
613
615
615
615
0
615
618
621
622
622
622
627
0
628
630
631
631
0
631
631
0
0
638
639
642
643
643
645
0
645
650
650
652
652
652
655
0
655
658
659
659
663
663
665
0
666
666
667
670
0
671
675
0
675
675
679
679
679
682
682
0
684
686
689
690
691
691
691
0
0
694
697
700

0
31
42
47
50
55
60
0
63
67
70
75
78
78
82
0
85
87
92
95
95
99
102
0
102
107
108
111
0
114
118
0
121
121
126
127
130
130
132
0
135
139
142
142
142
147
148
0
151
151
156
156
158
159
162
0
165
167
170
171
0
174
174
0
179
179
182
185
186
187
190
0
190
195
196
199
199
199
204
0
204
207
210
211
211
215
215
0
217
217
222
223
0
226
228
0
231
231
234
237
238
238
242
0
242
243
246
249
250
251
252
0
0
255
260
260
262
263
266
0
267
271
271
271
0
271
278
0
279
279
284
284
286
287
287
0
291
291
294
297
298
299
302
0
302
302
306
309
310
310
310
0
315
315
318
319
0
322
324
0
325
327
330
331
331
335
335
0
337
337
342
343
343
343
348
0
348
351
351
355
355
355
358
0
359
363
364
365
0
366
370
0
370
370
372
377
378
379
380
0
383
383
386
387
390
390
390
0
393
393
398
399
399
399
402
0
405
407
407
407
0
410
414
0
415
415
420
420
422
423
423
0
427
427
430
431
431
435
436
0
0
436
442
442
442
442
446
0
447
451
452
453
0
454
454
0
459
459
462
462
466
466
468
0
469
471
474
475
475
475
478
0
481
481
482
483
486
487
490
0
491
491
494
495
0
498
500
0
501
503
503
507
507
507
510
0
510
515
516
517
518
518
522
0
522
522
526
527
527
531
532
0
532
532
532
539
0
539
542
0
543
543
548
548
550
551
551
0
553
555
558
559
559
559
559
0
565
567
567
567
570
570
574
0
575
575
578
579
0
582
582
0
585
585
588
591
591
591
594
0
595
595
598
601
602
603
604
0
0
604
610
610
610
611
612
0
615
619
620
621
0
622
622
0
627
627
630
631
631
631
636
0
636
639
639
639
642
643
646
0
647
647
650
651
651
655
655
0
657
657
660
660
0
662
666
0
667
667
667
667
674
674
676
0
677
679
679
683
683
683
686
0
687
687
690
693
694
694
694
0
694
699
702
702
0
702
706
0
0
707
710
713
714
715
716
0
716
716
716
723
723
723
726
0
726
727
732
732
734
735
735
0
737
739
742
743
0
743
746
0
747
751
751
751
751
751
756
0
757
757
762
763
763
763
766
0
0
767
772
772

0
18
27
30
31
38
41
0
42
46
51
54
55
55
59
0
60
66
69
70
70
74
75
0
75
78
83
86
0
87
91
0
92
92
95
98
99
102
105
0
106
110
111
111
111
114
117
0
118
118
123
126
127
127
131
0
132
132
135
138
0
139
139
0
142
146
149
150
150
154
155
0
155
158
161
162
162
162
165
0
165
170
171
174
175
175
179
0
180
180
183
186
0
187
187
0
190
190
195
196
196
198
201
0
202
206
207
207
207
210
213
0
0
214
217
217
217
222
223
0
223
226
227
230
0
231
235
0
236
236
239
242
243
243
243
0
246
246
251
252
252
252
255
0
255
258
261
262
263
266
267
0
267
270
273
274
0
274
277
0
277
282
283
283
283
286
286
0
286
286
293
294
295
295
299
0
300
300
303
306
307
307
307
0
310
310
315
316
0
316
319
0
319
319
321
326
327
327
329
0
330
334
335
335
335
338
341
0
342
342
345
345
345
350
351
0
351
354
354
354
0
355
361
0
362
362
365
366
367
367
371
0
372
374
375
378
379
379
379
0
0
382
387
388
388
388
391
0
391
391
393
398
0
399
399
0
402
402
405
406
407
410
411
0
412
414
417
418
418
418
421
0
421
426
427
427
427
430
430
0
430
430
437
438
0
438
441
0
441
442
443
446
447
450
451
0
452
454
455
458
459
459
459
0
462
462
467
468
468
468
471
0
471
471
471
478
0
479
479
0
482
482
483
483
487
487
491
0
492
494
495
495
495
498
501
0
502
502
505
506
507
510
511
0
511
514
514
514
0
515
521
0
522
522
525
525
525
526
527
0
530
534
535
535
535
538
539
0
0
540
543
546
547
547
549
0
550
550
555
556
0
556
559
0
559
559
559
566
567
567
567
0
570
570
571
571
575
575
579
0
580
580
583
583
583
586
587
0
588
590
593
594
0
595
597
0
598
602
603
603
603
606
606
0
606
606
613
614
614
614
617
0
617
618
618
622
622
626
627
0
627
630
630
630
0
631
635
0
0
636
641
642
643
643
645
0
646
646
651
652
652
652
655
0
655
658
659
662
663
663
663
0
666
666
667
667
0
671
675
0
676
676
679
679
679
679
681
0
684
686
687
690
691
691
693
0
0
694
697
697

0
30
41
46
47
54
59
0
60
66
69
74
75
75
81
0
82
86
91
92
92
98
99
0
99
102
107
110
0
111
117
0
118
118
121
126
127
127
131
0
132
138
139
139
139
142
147
0
148
148
151
154
155
158
161
0
162
162
165
170
0
171
171
0
174
174
181
182
182
186
187
0
187
190
195
196
196
196
199
0
199
206
207
207
207
210
213
0
214
214
219
222
0
223
223
0
226
226
233
234
234
234
237
0
237
242
243
246
247
247
251
0
0
252
255
255
255
262
263
0
263
266
266
266
0
267
275
0
276
276
279
282
283
283
283
0
286
290
293
294
294
294
297
0
297
297
299
306
307
307
307
0
310
310
315
316
0
316
321
0
322
326
327
327
327
330
330
0
330
330
339
340
340
340
343
0
343
343
345
350
351
354
355
0
355
358
361
362
0
362
365
0
365
365
371
374
375
375
375
0
378
378
379
380
383
383
389
0
390
390
393
393
393
398
399
0
399
402
402
406
0
407
411
0
412
412
415
415
415
415
417
0
420
426
427
427
427
430
430
0
0
430
437
438
438
438
443
0
444
444
447
450
0
451
451
0
454
454
454
454
459
462
465
0
466
466
469
469
469
469
471
0
474
478
479
482
483
483
483
0
486
486
491
492
0
492
495
0
495
495
501
502
502
506
507
0
507
510
510
510
511
511
515
0
515
515
523
524
524
524
527
0
527
527
527
534
0
535
535
0
538
542
543
543
543
546
549
0
550
550
553
553
553
553
555
0
558
558
563
566
567
567
567
0
570
570
570
572
0
575
579
0
580
580
585
586
586
586
589
0
589
594
595
595
595
598
598
0
0
598
603
606
607
607
611
0
612
612
615
615
0
615
617
0
620
620
620
626
627
630
631
0
631
634
634
634
635
635
641
0
642
642
645
645
645
646
651
0
652
652
655
658
0
659
659
0
662
662
663
663
667
667
667
0
667
674
677
678
678
678
681
0
681
681
683
686
686
690
691
0
691
694
694
698
0
699
699
0
0
702
707
708
708
708
711
0
711
711
713
716
716
716
721
0
722
726
727
727
727
730
730
0
730
730
735
735
0
735
741
0
742
742
747
748
748
748
751
0
751
751
751
758
759
759
759
0
0
762
763
763

0
47
60
67
70
75
82
0
85
91
94
99
102
102
108
0
111
111
118
121
122
127
130
0
130
135
138
141
0
142
148
0
151
151
156
159
162
162
162
0
167
171
174
175
175
179
182
0
185
185
190
190
190
195
198
0
199
203
204
207
0
210
210
0
215
215
220
223
223
223
228
0
228
231
234
237
238
238
242
0
243
247
250
250
250
255
255
0
255
255
262
265
0
266
270
0
271
271
276
279
279
279
284
0
284
287
287
291
294
294
294
0
0
299
302
302
306
307
310
0
311
315
316
316
0
316
322
0
325
325
330
330
330
331
332
0
337
339
342
343
343
347
348
0
348
348
354
355
358
358
358
0
363
363
366
366
0
370
372
0
375
375
380
380
380
383
383
0
387
387
390
393
394
394
398
0
399
399
399
405
406
407
410
0
410
415
415
415
0
415
422
0
422
422
426
429
430
431
434
0
435
435
436
441
442
442
444
0
447
447
452
452
452
455
455
0
459
459
462
463
0
466
468
0
471
471
474
474
478
478
478
0
481
483
486
487
487
491
492
0
0
492
498
499
499
499
502
0
505
507
510
510
0
510
510
0
517
517
518
519
522
523
526
0
527
531
532
532
532
532
538
0
539
539
540
543
546
547
548
0
551
551
554
554
0
558
558
0
561
561
564
567
567
567
572
0
572
575
575
579
579
579
582
0
582
582
588
589
590
591
594
0
595
595
595
601
0
602
602
0
603
607
610
611
611
615
615
0
615
615
622
622
622
622
622
0
627
631
631
633
634
634
638
0
639
639
642
645
0
646
646
0
647
647
654
655
655
655
660
0
660
663
663
667
667
667
670
0
0
670
676
676
678
679
679
0
683
683
686
687
0
690
690
0
693
693
694
699
699
699
702
0
703
707
708
708
710
710
714
0
715
715
716
717
717
723
724
0
725
725
730
730
0
730
734
0
737
737
737
737
742
742
746
0
746
747
750
751
751
755
756
0
757
757
762
763
763
763
764
0
764
771
772
772
0
774
774
0
0
779
782
783
786
786
786
0
789
789
789
795
795
795
798
0
799
799
804
804
806
807
807
0
811
811
814
814
0
814
820
0
820
823
823
825
826
827
830
0
831
831
834
837
838
838
838
0
0
839
846
847

0
42
55
60
63
70
75
0
78
82
87
92
95
95
99
0
102
106
111
114
114
118
121
0
121
126
127
132
0
135
139
0
142
142
147
148
151
151
155
0
158
162
165
165
165
170
171
0
174
174
179
180
183
183
187
0
190
190
195
196
0
199
199
0
204
204
207
210
211
214
217
0
217
222
223
226
226
226
231
0
231
234
237
238
239
242
243
0
246
246
251
252
0
255
255
0
260
260
263
266
267
267
271
0
271
274
277
278
279
282
283
0
0
286
291
291
291
294
297
0
298
302
302
302
0
303
309
0
310
310
315
316
319
319
319
0
324
324
327
330
331
331
335
0
335
335
337
342
343
343
345
0
348
350
351
354
0
355
359
0
359
362
365
366
366
370
370
0
370
370
377
378
378
378
383
0
383
386
387
390
391
391
393
0
396
398
399
402
0
403
407
0
407
407
407
414
415
415
415
0
420
420
423
423
427
427
427
0
430
430
435
436
436
438
441
0
442
446
446
446
0
447
453
0
454
454
459
459
459
462
462
0
466
466
469
469
471
474
475
0
0
476
481
482
483
483
487
0
487
490
491
494
0
495
495
0
500
500
503
503
507
507
507
0
510
510
515
516
516
516
519
0
522
522
525
526
527
530
531
0
532
532
537
538
0
539
543
0
543
546
546
550
550
550
553
0
553
558
559
559
559
559
565
0
565
565
567
570
571
574
575
0
575
575
575
582
0
583
585
0
588
588
591
591
595
595
595
0
598
598
603
604
604
604
604
0
610
610
611
612
615
615
619
0
620
622
622
622
0
627
629
0
630
630
635
636
636
638
639
0
642
642
645
646
647
650
651
0
0
651
657
657
657
657
659
0
662
666
667
667
0
667
671
0
674
674
677
678
679
679
683
0
684
686
687
687
691
691
693
0
694
694
699
700
700
702
702
0
706
706
707
708
0
711
715
0
716
716
717
718
723
723
723
0
726
726
729
732
732
732
735
0
735
738
739
742
743
743
745
0
745
750
751
751
0
751
757
0
0
757
759
762
763
766
767
0
767
767
767
774
774
774
777
0
777
778
783
783
783
786
786
0
788
790
793
794
0
795
795
0
798
802
803
804
804
804
807
0
810
810
813
814
815
815
819
0
0
820
823
823

0
34
45
50
55
58
63
0
68
70
75
78
83
83
85
0
90
90
97
100
100
102
107
0
107
114
114
116
0
119
123
0
126
126
133
133
135
135
135
0
142
142
147
147
151
154
154
0
156
156
163
163
163
163
167
0
172
174
177
177
0
179
183
0
186
186
187
190
195
195
197
0
197
202
202
206
206
206
211
0
211
211
217
220
220
222
222
0
222
222
231
231
0
231
235
0
238
242
242
244
247
247
249
0
249
250
255
258
258
258
259
0
0
262
269
269
271
271
271
0
276
278
278
282
0
282
287
0
287
287
291
291
295
298
298
0
300
300
300
302
307
307
311
0
311
311
315
318
318
318
318
0
324
326
329
329
0
331
331
0
332
332
339
342
342
342
343
0
346
346
351
351
355
355
357
0
357
362
362
364
364
364
364
0
370
370
375
375
0
375
379
0
379
379
385
388
388
390
390
0
390
390
397
397
399
399
403
0
403
403
407
410
410
410
410
0
414
418
418
420
0
423
425
0
425
426
427
427
431
434
435
0
438
438
439
442
442
442
447
0
0
447
453
453
455
455
455
0
460
462
462
462
0
462
462
0
470
470
475
475
475
475
479
0
479
479
481
486
487
490
490
0
492
492
492
492
499
499
501
0
501
501
507
507
0
507
511
0
514
514
514
518
518
518
519
0
524
526
529
529
531
531
531
0
532
532
537
540
540
542
543
0
546
546
547
550
0
550
555
0
555
555
559
559
563
563
565
0
565
570
570
572
572
572
572
0
574
578
578
582
583
583
587
0
587
587
591
591
0
591
591
0
598
598
601
604
604
606
606
0
606
606
613
613
615
615
615
0
0
615
623
623
623
623
627
0
630
630
630
634
0
634
635
0
636
642
643
644
647
647
649
0
649
650
650
650
655
658
658
0
660
660
663
666
666
666
667
0
670
670
675
675
0
675
679
0
679
679
685
685
687
687
687
0
692
694
694
694
694
694
694
0
700
700
705
706
707
707
711
0
711
711
715
715
0
715
715
0
0
722
723
726
727
730
730
0
732
732
732
734
739
739
741
0
741
741
743
743
747
747
751
0
751
754
755
758
0
758
758
0
762
762
763
763
763
763
771
0
772
774
777
777
779
779
779
0
0
780
785
788

0
27
38
41
42
51
54
0
55
59
66
69
70
70
74
0
75
83
86
87
87
91
92
0
92
95
102
105
0
106
110
0
111
111
114
117
118
123
126
0
127
131
132
132
132
135
138
0
139
139
146
149
150
150
154
0
155
155
158
161
0
162
162
0
165
171
174
175
175
179
180
0
180
183
186
187
187
187
190
0
190
195
198
201
202
202
206
0
207
207
210
213
0
214
214
0
217
217
222
223
223
227
230
0
231
235
236
236
236
239
242
0
0
243
246
246
246
251
252
0
252
255
258
261
0
262
266
0
267
267
270
273
274
274
274
0
277
277
282
283
283
283
286
0
286
291
294
295
295
299
300
0
300
303
306
307
0
307
310
0
310
315
316
316
316
319
319
0
319
319
326
329
330
330
334
0
335
335
338
341
342
342
342
0
345
345
350
351
0
351
354
0
354
354
354
361
362
363
366
0
367
371
372
372
372
375
378
0
379
379
382
382
382
387
388
0
388
391
391
391
0
391
398
0
399
399
402
405
406
406
410
0
411
411
414
417
418
418
418
0
0
421
426
427
427
427
430
0
430
430
430
437
0
438
438
0
441
443
446
447
447
451
452
0
452
455
458
459
459
459
462
0
462
467
468
468
468
471
471
0
471
471
478
479
0
479
482
0
482
483
486
489
490
491
494
0
495
495
498
501
502
502
502
0
505
505
510
511
511
511
514
0
514
514
514
521
0
522
522
0
525
525
526
526
530
531
534
0
535
539
540
540
540
543
546
0
547
547
550
550
550
555
556
0
556
559
559
559
0
559
566
0
567
567
570
570
570
571
571
0
575
579
580
581
582
583
586
0
0
587
590
593
594
594
594
0
597
597
602
603
0
603
606
0
606
606
606
613
614
614
614
0
617
617
618
618
622
622
626
0
627
627
630
631
631
635
636
0
636
639
642
643
0
643
646
0
646
651
652
652
652
655
655
0
655
655
662
663
663
663
666
0
666
667
667
671
671
675
676
0
676
679
679
681
0
682
686
0
0
687
690
693
694
694
694
0
697
697
702
703
703
703
706
0
706
707
708
713
714
714
714
0
717
717
718
718
0
722
726
0
727
727
730
730
730
731
734
0
735
739
740
741
742
743
746
0
0
747
750
750

0
43
54
63
66
67
76
0
79
87
90
91
94
95
102
0
105
105
110
115
118
119
122
0
123
127
132
135
0
135
140
0
141
147
150
151
154
155
155
0
159
159
166
169
169
169
174
0
175
175
180
183
186
187
190
0
191
195
195
195
0
198
204
0
207
207
212
213
213
213
218
0
219
223
226
227
230
231
231
0
235
235
238
238
242
243
246
0
249
249
254
255
0
255
260
0
261
261
262
267
270
271
274
0
275
279
279
279
282
282
286
0
0
287
292
295
295
295
300
0
301
301
306
307
0
307
308
0
313
315
318
319
322
323
323
0
327
327
330
330
334
335
335
0
335
339
342
345
345
345
350
0
351
351
356
357
0
357
358
0
363
363
366
367
370
371
374
0
375
379
379
379
382
382
386
0
387
387
387
391
394
395
396
0
399
399
404
405
0
405
410
0
411
411
412
417
417
417
420
0
420
423
426
427
430
431
431
0
435
435
438
438
442
443
443
0
443
447
450
451
0
451
454
0
457
459
462
463
463
463
468
0
469
469
470
475
475
475
478
0
0
478
484
485
486
487
490
0
491
495
495
495
0
498
502
0
503
503
503
507
510
511
511
0
511
515
516
519
519
519
524
0
525
525
530
531
531
531
532
0
537
537
540
540
0
540
546
0
547
547
550
551
554
555
556
0
559
559
562
562
566
567
567
0
567
571
574
575
575
575
575
0
579
583
583
585
0
586
590
0
591
591
596
597
597
597
598
0
603
603
606
606
606
607
612
0
613
613
613
617
618
619
622
0
623
627
627
627
0
630
634
0
635
635
636
639
642
643
643
0
643
647
647
651
651
651
654
0
0
655
660
661
662
663
666
0
667
667
668
673
0
673
676
0
676
676
682
683
683
683
683
0
687
687
692
693
694
695
695
0
699
699
702
703
706
707
707
0
707
711
714
715
0
715
716
0
719
723
723
723
726
726
726
0
729
729
734
735
735
735
740
0
741
741
742
747
747
747
750
0
750
751
756
757
0
757
757
0
0
761
766
767
767
767
770
0
771
775
775
777
778
778
782
0
783
783
783
787
790
791
791
0
791
795
795
799
0
799
802
0
802
802
804
807
810
811
812
0
813
815
818
819
819
819
822
0
0
825
828
828

0
55
70
75
78
87
92
0
95
99
106
111
114
114
118
0
121
127
132
135
135
139
142
0
142
147
150
155
0
158
162
0
165
165
170
171
174
175
180
0
183
187
190
190
190
195
196
0
199
199
204
207
210
210
214
0
217
217
222
223
0
226
226
0
231
231
236
239
239
243
246
0
246
251
252
255
255
255
260
0
260
263
266
267
270
271
274
0
277
277
282
283
0
286
286
0
291
291
294
297
298
298
302
0
303
307
310
310
310
315
316
0
0
319
324
324
324
327
330
0
331
335
335
335
0
338
342
0
345
345
350
351
354
354
354
0
359
359
362
365
366
366
370
0
370
370
372
377
378
379
382
0
383
387
388
391
0
391
396
0
396
399
402
403
403
407
407
0
407
407
414
415
415
415
420
0
421
423
426
427
430
430
430
0
435
435
438
441
0
442
446
0
446
446
446
453
454
454
454
0
459
459
462
462
466
467
468
0
471
471
476
476
476
479
482
0
483
487
487
487
0
487
494
0
495
495
500
500
500
503
503
0
507
507
510
511
514
515
516
0
0
519
522
525
526
526
530
0
530
531
532
537
0
538
538
0
543
543
546
546
550
550
550
0
553
555
558
559
559
559
564
0
565
567
570
571
571
575
575
0
575
575
582
583
0
583
588
0
588
591
591
595
595
595
598
0
598
603
604
604
606
606
610
0
611
611
614
617
618
619
622
0
622
622
622
629
0
630
630
0
635
635
638
638
642
642
642
0
645
645
650
651
651
651
652
0
657
657
660
660
662
663
666
0
667
671
671
671
0
674
678
0
679
679
684
684
684
687
687
0
691
691
694
694
694
699
700
0
0
700
706
706
706
706
708
0
711
715
716
717
0
718
722
0
723
723
726
729
730
730
732
0
735
735
738
738
742
742
742
0
745
745
750
751
751
751
751
0
757
757
757
759
0
762
766
0
767
767
770
771
774
775
775
0
777
777
782
783
783
783
788
0
788
791
791
795
795
795
798
0
798
803
804
804
0
804
810
0
0
810
812
815
815
819
820
0
820
820
822
827
827
827
830
0
830
831
836
837
838
839
839
0
843
843
846
847
0
850
850
0
853
855
858
859
859
859
860
0
865
865
866
867
870
870
874
0
0
875
876
876

0
23
30
37
42
42
46
0
51
55
60
60
62
67
67
0
71
71
78
78
82
82
84
0
89
91
91
95
0
98
102
0
102
103
108
111
111
115
115
0
117
117
124
124
126
126
130
0
130
135
135
139
139
139
140
0
145
147
150
150
0
154
156
0
156
156
162
165
165
167
167
0
171
171
172
175
178
179
182
0
182
182
188
188
190
190
190
0
195
199
199
201
0
201
202
0
207
207
212
212
214
214
218
0
218
219
222
222
226
227
228
0
0
231
231
237
237
239
239
0
239
239
246
247
0
250
252
0
252
252
258
258
258
259
262
0
265
267
268
271
271
271
271
0
275
279
279
281
282
282
286
0
286
287
292
292
0
294
294
0
295
295
302
303
303
307
307
0
309
309
309
315
315
315
316
0
319
319
324
325
326
327
330
0
330
330
334
334
0
338
340
0
340
343
343
347
347
347
350
0
353
355
355
355
355
355
356
0
363
363
366
367
370
370
372
0
372
375
378
378
0
378
382
0
382
383
388
389
390
391
391
0
395
395
396
399
399
403
403
0
0
405
406
407
410
411
414
0
415
415
420
420
0
422
422
0
422
422
430
430
430
431
434
0
435
439
439
441
442
442
444
0
447
447
447
451
451
451
451
0
457
459
460
460
0
462
466
0
466
466
470
471
474
474
476
0
476
476
478
478
482
483
486
0
487
487
490
493
493
495
495
0
495
495
500
503
0
503
503
0
507
507
510
510
514
515
516
0
517
517
522
522
522
523
526
0
526
526
532
532
534
534
534
0
537
539
540
543
0
543
546
0
547
551
551
553
553
553
553
0
555
559
559
563
563
563
566
0
0
567
572
572
574
574
574
0
577
579
582
582
0
582
586
0
586
586
586
591
594
595
596
0
597
597
597
603
603
603
603
0
607
607
610
613
613
615
615
0
615
615
620
621
0
622
626
0
627
627
630
631
634
634
636
0
636
636
638
639
642
643
646
0
646
647
650
651
651
651
652
0
657
659
660
660
0
662
662
0
0
667
668
671
671
671
671
0
671
679
679
681
682
682
684
0
684
687
690
690
690
690
694
0
695
695
700
700
0
702
702
0
702
702
708
709
709
711
714
0
715
715
718
719
719
723
723
0
0
725
726
727

0
54
67
76
79
82
91
0
94
102
105
108
111
111
119
0
122
122
127
132
135
138
141
0
141
146
151
154
0
154
159
0
162
166
169
172
175
175
175
0
180
182
187
190
190
190
195
0
198
198
203
204
207
210
213
0
213
218
218
220
0
223
227
0
230
230
235
238
238
238
243
0
243
246
249
252
255
255
255
0
260
262
265
265
267
270
271
0
274
274
279
282
0
282
287
0
287
287
291
294
295
298
301
0
301
306
306
308
311
311
313
0
0
316
319
322
323
323
327
0
330
330
335
335
0
335
339
0
342
342
347
348
351
351
351
0
356
358
361
361
363
366
366
0
366
366
373
374
375
375
379
0
382
382
387
387
0
387
391
0
394
394
399
399
399
402
405
0
406
410
410
412
415
415
417
0
420
420
420
422
427
427
429
0
430
434
435
438
0
438
443
0
443
443
447
450
450
450
455
0
455
455
459
462
463
463
463
0
468
470
473
473
475
478
478
0
478
478
485
485
0
487
487
0
492
494
495
498
499
499
503
0
503
503
507
510
510
510
515
0
0
515
519
522
522
522
525
0
526
530
531
532
0
535
537
0
540
540
540
542
547
547
549
0
549
554
554
556
556
556
561
0
562
562
567
567
567
570
571
0
574
574
579
579
0
579
583
0
586
586
587
590
591
591
595
0
596
598
601
602
603
606
606
0
606
606
613
613
615
615
615
0
620
622
622
622
0
627
627
0
630
630
635
636
636
638
639
0
642
642
647
647
647
647
651
0
654
654
655
658
658
658
663
0
663
666
666
670
0
671
673
0
676
676
679
679
683
683
685
0
685
690
690
692
692
692
697
0
0
697
699
702
703
706
707
0
708
708
711
714
0
715
719
0
719
719
723
726
726
726
727
0
730
730
735
735
735
735
737
0
742
742
745
746
747
750
751
0
751
751
757
757
0
759
759
0
764
766
766
766
771
771
771
0
771
774
777
780
780
782
783
0
783
783
789
790
791
791
795
0
795
798
799
802
0
802
803
0
0
806
811
811
811
811
813
0
818
818
818
822
823
823
827
0
828
828
831
831
835
835
837
0
838
842
842
844
0
844
849
0
849
849
851
852
855
858
858
0
860
860
863
863
867
867
869
0
0
870
875
876

0
79
94
105
110
111
122
0
127
135
140
141
146
147
154
0
159
159
166
169
174
175
180
0
181
187
190
195
0
195
202
0
203
207
212
213
218
219
219
0
225
225
230
235
235
235
242
0
243
243
250
251
254
255
260
0
261
267
267
267
0
270
276
0
279
279
286
287
287
287
294
0
295
295
300
303
306
307
307
0
313
313
316
316
322
323
323
0
327
327
334
335
0
335
342
0
343
343
343
351
351
351
356
0
357
363
363
363
366
366
372
0
0
373
374
379
382
383
386
0
387
387
394
395
0
395
396
0
403
403
406
406
410
411
414
0
417
417
420
420
426
427
427
0
427
431
436
437
437
437
442
0
443
447
450
451
0
451
451
0
459
459
462
462
462
463
470
0
471
475
475
475
478
478
484
0
485
485
485
489
494
495
495
0
495
499
502
505
0
505
510
0
511
511
511
519
519
519
522
0
522
523
530
531
531
531
532
0
537
537
542
543
546
547
547
0
547
551
556
557
0
557
558
0
561
567
567
567
570
570
574
0
575
575
580
583
583
583
586
0
0
586
594
595
595
595
596
0
599
603
606
607
0
607
612
0
613
613
614
619
622
623
623
0
623
627
627
633
633
633
636
0
636
636
642
643
646
647
647
0
651
651
654
654
0
654
662
0
663
663
663
667
667
667
674
0
675
675
676
679
682
683
683
0
687
687
692
693
693
693
693
0
697
703
703
703
0
706
706
0
707
707
716
717
717
717
718
0
723
723
726
726
730
731
734
0
735
735
735
739
739
739
746
0
747
747
748
751
0
751
756
0
759
759
762
762
766
767
767
0
767
771
774
777
777
777
780
0
0
780
782
783
790
791
791
0
791
795
795
799
0
799
804
0
805
805
810
811
811
811
812
0
815
819
822
823
823
823
823
0
827
827
830
835
835
835
838
0
838
839
844
845
0
845
850
0
851
855
855
855
858
858
858
0
858
859
868
869
869
869
870
0
873
873
876
879
882
883
883
0
883
887
890
891
0
891
891
0
0
897
902
903
903
903
903
0
907
907
910
915
915
915
918
0
918
919
919
921
926
927
930
0
931
931
932
937
0
937
940
0
940
940
946
947
950
951
951
0
951
955
955
955
958
958
964
0
0
965
966
969

0
39
52
55
58
67
70
0
73
75
84
87
90
90
92
0
95
103
106
109
109
111
114
0
114
119
124
127
0
130
132
0
135
135
140
140
142
147
150
0
153
155
158
158
158
163
163
0
165
165
172
175
178
178
180
0
183
183
188
188
0
190
190
0
195
199
202
205
205
207
210
0
210
215
215
217
217
217
222
0
222
223
228
231
234
234
236
0
239
239
244
244
0
246
246
0
251
251
252
255
258
259
262
0
265
267
270
270
270
275
275
0
0
277
282
282
282
283
286
0
289
291
292
295
0
298
300
0
303
303
308
308
310
310
310
0
315
315
316
319
322
322
324
0
324
327
330
333
333
335
338
0
338
343
343
345
0
345
350
0
350
351
354
357
357
359
359
0
359
359
366
367
370
370
372
0
375
375
380
380
382
382
382
0
387
387
388
391
0
394
396
0
396
396
396
403
403
403
406
0
409
411
414
414
414
419
419
0
421
421
426
426
426
427
430
0
433
435
435
435
0
435
442
0
442
442
446
447
450
451
452
0
455
455
460
460
462
462
462
0
0
467
468
471
474
474
476
0
476
476
476
483
0
483
483
0
487
487
492
493
494
495
498
0
498
503
503
505
505
505
510
0
510
511
514
517
517
519
519
0
519
519
526
526
0
526
530
0
530
535
535
537
538
538
540
0
543
543
548
548
550
550
550
0
555
555
556
559
562
562
564
0
564
564
564
571
0
571
571
0
575
575
580
580
582
582
582
0
585
587
590
591
591
595
595
0
597
597
602
602
602
603
606
0
609
611
611
611
0
611
618
0
618
618
622
622
622
627
627
0
629
629
630
631
634
635
638
0
0
639
644
644
646
646
646
0
651
651
652
655
0
658
660
0
660
660
662
667
667
667
667
0
671
671
676
676
678
678
678
0
679
679
684
687
687
687
690
0
691
695
695
697
0
698
702
0
702
703
706
709
709
711
711
0
711
711
718
718
718
718
722
0
722
727
727
729
729
729
730
0
730
735
738
738
0
738
742
0
0
743
748
749
750
751
751
0
755
755
756
759
762
762
764
0
764
764
766
771
771
771
771
0
775
775
780
780
0
782
782
0
783
783
788
791
791
791
791
0
795
795
798
798
802
803
804
0
0
805
810
810

0
46
57
66
71
71
79
0
84
90
95
95
99
102
105
0
110
110
117
118
123
123
127
0
130
134
135
140
0
140
147
0
147
150
155
156
159
162
162
0
166
166
171
174
175
175
181
0
181
182
187
190
191
191
195
0
198
202
202
202
0
207
211
0
212
212
219
219
219
222
225
0
228
228
231
234
235
238
239
0
242
242
247
247
251
251
251
0
254
258
261
262
0
262
267
0
270
270
271
276
276
276
281
0
282
286
287
287
291
291
295
0
0
295
297
302
303
306
307
0
307
307
313
316
0
316
319
0
322
322
327
327
327
330
333
0
334
334
339
340
343
343
343
0
346
350
351
354
354
354
357
0
357
362
363
366
0
367
367
0
372
372
377
377
377
378
383
0
383
386
386
390
391
391
395
0
396
396
396
402
403
406
406
0
406
406
411
414
0
415
419
0
420
420
421
426
427
427
431
0
431
434
437
437
437
438
439
0
444
444
447
450
451
451
451
0
451
458
459
462
0
462
465
0
465
470
471
471
475
475
475
0
478
478
483
484
484
486
489
0
0
490
495
495
495
498
498
0
502
502
505
508
0
508
511
0
511
511
517
518
519
522
523
0
523
523
523
530
531
531
535
0
535
535
537
540
543
543
543
0
546
550
551
551
0
551
557
0
558
558
559
564
564
564
567
0
570
570
571
571
575
575
579
0
580
582
585
586
586
586
587
0
587
594
595
596
0
599
599
0
602
602
607
607
607
610
610
0
614
614
617
617
619
622
623
0
623
623
627
630
631
631
633
0
636
636
639
639
0
639
645
0
646
646
651
651
651
654
654
0
654
658
661
662
663
663
667
0
0
668
668
670
675
675
675
0
678
682
682
682
0
682
687
0
690
690
693
693
695
695
699
0
700
702
703
706
707
707
707
0
708
708
715
716
716
718
721
0
721
722
723
726
0
726
731
0
732
734
735
738
739
739
739
0
739
739
747
748
748
750
751
0
754
754
757
757
759
762
762
0
762
762
767
767
0
771
771
0
0
774
779
780
780
780
781
0
781
786
789
790
791
791
795
0
795
798
798
798
799
802
805
0
806
806
807
812
0
812
815
0
815
815
819
822
823
823
825
0
826
830
831
831
831
831
835
0
0
838
841
841

0
35
46
53
54
59
66
0
67
75
76
81
82
82
90
0
91
91
98
101
102
107
108
0
108
111
118
119
0
119
126
0
127
131
132
137
138
138
138
0
141
147
150
151
151
151
158
0
159
159
162
165
166
171
172
0
172
175
175
181
0
182
186
0
187
187
194
195
195
195
198
0
198
203
206
209
210
210
210
0
213
219
220
220
220
223
226
0
227
227
234
235
0
235
238
0
238
238
246
247
247
251
252
0
252
255
255
261
262
262
262
0
0
265
270
271
271
275
278
0
279
279
282
282
0
282
290
0
291
291
294
297
298
298
298
0
301
307
308
308
308
311
311
0
311
311
318
321
322
322
326
0
327
327
330
330
0
330
338
0
339
339
342
342
342
347
348
0
348
351
354
357
358
358
358
0
361
361
361
363
366
371
372
0
372
375
378
379
0
379
382
0
382
382
390
391
391
391
394
0
394
395
396
401
402
402
406
0
407
411
412
412
412
415
415
0
415
415
420
425
0
426
426
0
429
429
434
435
435
435
438
0
438
443
446
447
447
447
450
0
0
450
452
455
455
459
462
0
463
463
466
469
0
470
470
0
473
473
473
473
478
483
484
0
484
487
487
487
487
487
494
0
495
495
498
501
502
502
506
0
507
507
510
510
0
510
510
0
515
515
522
523
523
523
526
0
526
531
532
532
532
535
535
0
535
535
542
545
546
546
546
0
549
549
550
551
0
554
558
0
559
563
564
564
564
567
570
0
571
571
574
574
574
574
574
0
579
579
586
587
587
587
590
0
590
591
591
597
0
598
598
0
601
601
606
607
607
611
612
0
612
615
615
615
615
615
620
0
0
620
626
629
630
630
630
0
633
633
638
639
0
639
642
0
642
642
642
647
647
651
654
0
655
655
658
658
658
658
660
0
663
667
668
668
668
671
674
0
675
675
678
681
0
682
682
0
685
685
685
685
690
690
690
0
691
699
700
700
700
703
703
0
703
703
710
711
711
711
714
0
714
715
715
721
0
722
726
0
0
727
730
730
730
731
732
0
735
735
735
741
742
742
746
0
747
747
750
750
750
755
756
0
756
759
759
759
0
759
764
0
764
764
770
773
774
774
774
0
777
777
778
779
782
782
786
0
0
787
790
790

0
44
55
62
69
69
75
0
82
84
91
91
97
100
100
0
106
106
115
115
117
117
123
0
126
132
132
134
0
137
143
0
143
143
151
154
154
156
156
0
162
162
167
167
173
173
175
0
175
180
183
186
186
186
187
0
194
196
199
199
0
201
207
0
207
207
211
214
217
220
220
0
222
222
222
230
230
230
235
0
235
235
243
243
245
245
245
0
250
252
255
258
0
258
259
0
262
268
268
270
273
273
275
0
275
276
283
283
283
284
287
0
0
290
295
298
298
300
300
0
300
300
307
310
0
310
315
0
315
315
319
319
325
325
327
0
327
332
332
334
334
334
339
0
342
342
343
346
346
346
351
0
354
356
359
359
0
361
361
0
362
362
371
371
371
372
375
0
378
378
378
382
385
388
388
0
390
390
391
391
397
397
399
0
402
402
407
407
0
407
411
0
411
412
419
419
421
421
421
0
426
428
428
428
428
428
435
0
438
438
439
442
442
442
447
0
447
452
452
454
0
457
459
0
459
460
460
462
465
468
471
0
471
471
475
478
478
478
478
0
0
482
487
490
490
492
492
0
492
492
499
499
0
501
501
0
506
506
511
511
511
511
515
0
515
516
516
522
525
525
527
0
527
532
532
534
534
534
534
0
534
540
543
546
0
546
547
0
550
550
555
555
555
555
559
0
562
564
567
567
569
569
569
0
570
570
575
578
578
580
583
0
583
583
587
590
0
590
590
0
594
594
595
595
601
604
604
0
606
606
607
607
613
613
615
0
615
615
615
622
622
622
627
0
627
628
631
631
0
631
631
0
638
638
643
643
645
645
645
0
650
652
652
652
652
652
655
0
0
658
663
666
666
666
667
0
670
670
675
675
0
675
679
0
679
684
684
686
689
689
691
0
691
692
692
694
697
700
700
0
702
702
707
707
707
708
711
0
714
714
714
718
0
718
719
0
719
719
727
730
730
732
732
0
732
732
739
739
741
741
741
0
741
741
747
750
750
750
755
0
755
756
759
759
0
759
759
0
0
766
767
770
773
773
775
0
775
780
780
782
782
782
783
0
783
788
788
788
793
793
795
0
798
798
799
802
0
802
807
0
807
807
811
811
811
812
812
0
818
820
823
823
825
825
825
0
0
826
831
834

0
60
75
82
85
92
99
0
102
108
111
118
121
121
127
0
130
132
139
142
142
148
151
0
151
156
159
162
0
165
171
0
174
174
179
182
185
185
187
0
190
196
199
199
199
204
207
0
210
210
215
215
217
220
223
0
226
228
231
234
0
237
237
0
242
242
247
250
250
252
255
0
255
260
263
266
266
266
271
0
271
276
279
279
279
284
284
0
286
286
291
294
0
297
299
0
302
302
307
310
310
310
315
0
315
316
319
322
325
325
327
0
0
330
335
335
337
340
343
0
343
348
348
348
0
348
355
0
358
358
363
363
365
365
365
0
370
372
375
378
378
380
383
0
383
383
387
390
393
393
393
0
398
398
399
402
0
405
407
0
410
412
415
415
415
420
420
0
422
422
427
430
430
430
435
0
435
436
436
442
442
444
447
0
447
452
452
454
0
454
459
0
459
459
463
466
469
469
471
0
474
474
475
478
481
481
483
0
486
486
491
491
491
492
495
0
498
500
500
502
0
505
507
0
510
510
515
515
517
517
517
0
522
524
527
527
527
532
532
0
0
532
539
539
539
539
543
0
546
548
551
551
0
553
553
0
558
558
559
559
565
565
567
0
570
572
575
575
575
575
579
0
582
582
583
586
589
589
591
0
594
594
595
598
0
601
603
0
603
604
607
610
610
612
615
0
615
620
620
622
622
622
627
0
627
627
631
634
634
636
639
0
639
639
639
646
0
646
647
0
650
652
655
655
657
660
660
0
662
662
667
667
667
667
667
0
674
676
676
678
681
681
683
0
686
686
687
690
0
693
693
0
694
694
699
702
702
702
707
0
707
708
711
714
714
716
716
0
0
716
723
723
725
725
727
0
730
732
735
735
0
737
737
0
742
742
743
746
746
748
751
0
751
756
756
756
757
757
763
0
763
763
767
767
767
772
772
0
774
774
779
779
0
781
783
0
786
786
786
786
793
793
795
0
795
796
799
802
802
804
807
0
807
807
811
814
814
814
815
0
815
820
823
823
0
825
827
0
0
830
831
834
837
837
839
0
839
839
839
846
846
846
847
0
850
852
855
855
857
860
860
0
862
862
867
867
0
867
871
0
871
876
876
878
878
878
883
0
883
883
887
890
890
890
891
0
0
894
899
899

0
151
174
185
190
199
210
0
215
223
228
237
242
242
250
0
255
255
266
271
271
279
284
0
284
291
294
299
0
302
310
0
315
315
322
325
330
330
330
0
337
343
348
348
348
355
358
0
363
363
370
370
370
375
380
0
383
387
390
393
0
398
398
0
405
405
410
415
415
415
422
0
422
427
430
435
435
435
442
0
442
447
452
452
452
459
459
0
459
459
468
471
0
474
478
0
481
481
486
491
491
491
498
0
498
499
500
507
510
510
510
0
0
517
522
522
526
527
532
0
532
539
539
539
0
539
548
0
551
551
558
558
558
559
559
0
567
567
572
575
575
579
582
0
582
582
588
591
594
594
594
0
601
601
602
603
0
610
610
0
615
615
622
622
622
627
627
0
631
631
636
639
639
639
646
0
646
647
647
655
655
655
660
0
660
667
667
667
0
667
676
0
676
676
678
683
686
687
690
0
693
693
694
699
702
702
702
0
707
707
714
714
714
715
716
0
723
723
724
725
0
730
734
0
737
737
742
742
746
746
746
0
751
751
756
757
757
763
763
0
0
763
772
772
772
772
774
0
779
783
786
786
0
786
786
0
795
795
796
796
802
802
806
0
807
811
814
814
814
814
820
0
823
823
823
825
830
831
834
0
837
837
838
839
0
846
846
0
847
847
850
857
857
857
862
0
862
867
867
871
871
871
876
0
876
876
882
883
883
887
890
0
890
890
890
899
0
899
900
0
901
903
910
910
910
915
915
0
915
915
924
924
924
924
924
0
931
935
935
935
938
938
942
0
945
945
948
951
0
954
954
0
955
955
962
965
965
965
970
0
970
971
972
979
979
979
980
0
0
980
990
990
990
991
991
0
997
999
1002
1003
0
1006
1006
0
1011
1011
1012
1017
1017
1017
1022
0
1022
1027
1027
1027
1030
1030
1036
0
1036
1036
1038
1038
1038
1047
1047
0
1047
1047
1054
1054
0
1054
1060
0
1063
1063
1063
1063
1070
1070
1074
0
1074
1075
1076
1081
1081
1083
1086
0
1087
1087
1092
1095
1095
1095
1095
0
1095
1103
1106
1106
0
1106
1108
0
0
1113
1116
1119
1122
1122
1122
0
1123
1123
1123
1133
1133
1133
1134
0
1135
1135
1142
1142
1146
1147
1147
0
1151
1151
1156
1156
0
1156
1162
0
1162
1167
1167
1167
1167
1167
1174
0
1175
1175
1180
1183
1183
1183
1183
0
0
1185
1194
1194

